0.008622
0.000423
10.626207
0.006057
1.711972
0.004911
0.001465
30.389436
1.091478
0.002395
0.004698
0.001480
0.001949
0.366493
0.008133
63.002584
0.000015
0.019144
0.284578
0.000979
0.000444
0.023108
0.462720
0.015402
0.003548
0.702409
0.002900
0.001349
0.002537
0.039597
0.002356
0.001486
1.843659
0.010418
0.341701
0.076873
0.207408
0.003582
0.095497
0.009475
0.000653
0.044509
0.103886
0.027121
0.249560
0.042188
0.001293
2.148719
0.060506
0.000713
0.040320
0.213080
0.002827
0.000895
0.000296
0.034425
0.000694
0.002673
0.006075
0.163366
0.001222
0.001324
0.013527
0.001656
0.026426
0.027418
0.000705
0.926641
0.018153
0.000408
0.001425
0.030723
0.439134
0.013169
0.031982
0.003314
0.000375
0.002101
0.023468
0.008491
0.011017
0.000182
0.004371
0.136474
0.008761
0.003291
0.035574
53.328294
0.005987
0.000220
0.571128
0.221962
0.007293
14.945246
0.001351
0.020626
0.001799
