0.010625
0.000415
11.475847
0.006340
1.673301
0.005364
0.001524
30.353783
1.012896
0.002403
0.005166
0.001630
0.001916
0.346689
0.008562
63.100397
0.000009
0.033932
0.311239
0.001082
0.000469
0.023854
0.439164
0.016408
0.003785
0.754650
0.003331
0.001439
0.002549
0.043155
0.002567
0.001249
1.978461
0.010495
0.348116
0.074497
0.208392
0.003540
0.096935
0.009706
0.000680
0.039508
0.104515
0.025052
0.256914
0.039635
0.001309
2.161225
0.063618
0.000747
0.040988
0.217329
0.002777
0.000919
0.000386
0.033194
0.000722
0.002834
0.006210
0.166479
0.001242
0.001315
0.014454
0.002456
0.034092
0.025136
0.000708
0.952693
0.019247
0.000406
0.001395
0.032527
0.416001
0.012501
0.038415
0.004079
0.000354
0.002079
0.022909
0.010828
0.012446
0.000185
0.004459
0.152152
0.010108
0.003266
0.039864
52.772769
0.007757
0.000253
0.676319
0.224045
0.006812
14.741594
0.001352
0.020760
0.002129
