0.010618
0.000416
10.046827
0.006169
1.583173
0.004700
0.001535
28.453327
0.942878
0.002285
0.004958
0.001513
0.001805
0.342694
0.008236
61.098287
0.000009
0.022051
0.263661
0.001001
0.000433
0.020953
0.390788
0.014431
0.003379
0.660237
0.003035
0.001213
0.002321
0.040816
0.002300
0.001417
1.750211
0.009706
0.333597
0.064292
0.210294
0.003365
0.091678
0.009371
0.000633
0.037376
0.098097
0.022917
0.236207
0.040849
0.000956
2.067718
0.043960
0.000685
0.040247
0.205943
0.002669
0.000888
0.000299
0.030891
0.000740
0.002735
0.005962
0.166302
0.001276
0.001375
0.013688
0.001798
0.024989
0.032280
0.000787
0.897777
0.017802
0.000405
0.001309
0.033445
0.417038
0.013400
0.030706
0.004960
0.000336
0.001680
0.022406
0.008413
0.011374
0.000183
0.004265
0.132460
0.008838
0.003038
0.035502
50.432476
0.005860
0.000178
0.550347
0.212304
0.006356
14.374213
0.001310
0.020297
0.001886
