0.008966
0.000442
8.999218
0.005673
1.481403
0.004500
0.001176
27.722643
0.972007
0.002227
0.004217
0.001513
0.001837
0.337122
0.007961
56.809143
0.000008
0.020263
0.272150
0.001052
0.000447
0.021245
0.403240
0.014685
0.003328
0.681937
0.002877
0.001112
0.002417
0.035575
0.002257
0.001146
1.779421
0.009740
0.322722
0.065129
0.191990
0.003314
0.089218
0.009252
0.000649
0.038191
0.099238
0.022925
0.239047
0.040129
0.001478
1.971471
0.039455
0.000681
0.038357
0.204170
0.002691
0.000879
0.000346
0.028959
0.000745
0.002990
0.005906
0.167805
0.001196
0.001289
0.013353
0.002092
0.026692
0.031690
0.000697
0.896526
0.020215
0.000376
0.001182
0.033730
0.422495
0.012805
0.030769
0.003852
0.000353
0.002004
0.022916
0.008961
0.012173
0.000177
0.004537
0.132692
0.009662
0.003140
0.037102
50.783705
0.008621
0.000219
0.550485
0.216181
0.006182
13.301243
0.001216
0.018655
0.001487
