0.010807
0.000397
10.349575
0.006170
1.583475
0.004816
0.001582
28.556035
0.983589
0.002336
0.005224
0.001552
0.001884
0.345984
0.008280
60.670558
0.000008
0.021988
0.272285
0.001125
0.000478
0.022065
0.403165
0.014982
0.003577
0.685777
0.003955
0.001348
0.002524
0.039379
0.002281
0.001262
1.815151
0.010172
0.328139
0.066258
0.201274
0.003286
0.091292
0.009398
0.000677
0.039563
0.098877
0.023216
0.246688
0.037784
0.000972
2.044343
0.046099
0.000703
0.040048
0.205581
0.002634
0.000871
0.000302
0.030990
0.000729
0.002753
0.005931
0.167575
0.001218
0.001279
0.013880
0.001797
0.026890
0.029736
0.000714
0.895472
0.018204
0.000364
0.001310
0.036136
0.416817
0.012536
0.029640
0.002930
0.000319
0.001855
0.021425
0.008325
0.011406
0.000169
0.004329
0.125165
0.007783
0.002805
0.030685
48.926063
0.005056
0.000154
0.530951
0.177377
0.006301
12.535994
0.001259
0.018886
0.001400
