0.009138
0.000421
8.304967
0.005732
1.494780
0.004501
0.001186
27.657432
0.934610
0.002116
0.004167
0.001383
0.001778
0.323744
0.007763
56.782450
0.000008
0.018080
0.260914
0.000876
0.000541
0.021569
0.397590
0.014746
0.003429
0.668297
0.002505
0.000983
0.002320
0.037500
0.002215
0.000998
1.750621
0.009847
0.318829
0.061847
0.150665
0.003182
0.092091
0.008928
0.000655
0.036832
0.098241
0.018680
0.243295
0.040884
0.001043
2.002618
0.039091
0.000713
0.037892
0.204485
0.002790
0.000901
0.000315
0.028105
0.000653
0.002513
0.005627
0.143771
0.001218
0.001223
0.012278
0.002369
0.025877
0.024749
0.000658
0.858007
0.016343
0.000336
0.001259
0.027185
0.394475
0.011683
0.027392
0.003170
0.000328
0.001982
0.021999
0.008511
0.009873
0.000177
0.004355
0.131790
0.007509
0.002952
0.032346
49.340727
0.006539
0.000151
0.530564
0.195269
0.006119
12.338258
0.001253
0.019321
0.001410
