0.008822
0.000405
8.438986
0.005746
1.493783
0.004519
0.001269
27.690086
0.938013
0.002034
0.004054
0.001454
0.001859
0.320319
0.007870
57.124484
0.000010
0.019013
0.262293
0.000771
0.000415
0.020513
0.387421
0.013756
0.003305
0.655878
0.002332
0.000998
0.002263
0.035611
0.002167
0.000955
1.735351
0.009591
0.318815
0.061868
0.151364
0.003137
0.086162
0.008572
0.000652
0.034635
0.095363
0.018622
0.236030
0.039732
0.000764
1.981631
0.039427
0.000624
0.036582
0.198035
0.002569
0.000851
0.000221
0.028107
0.000640
0.002486
0.005711
0.143677
0.001200
0.001263
0.012287
0.002207
0.021511
0.025300
0.000719
0.869039
0.016537
0.000253
0.001119
0.026730
0.404147
0.011100
0.029031
0.003078
0.000308
0.001834
0.021855
0.007786
0.009352
0.000163
0.003992
0.128502
0.007884
0.002887
0.030823
48.620812
0.006808
0.000160
0.532201
0.193318
0.006094
12.350408
0.001227
0.018538
0.001589
