0.010998
0.000447
11.408504
0.006128
1.639486
0.004884
0.001448
29.812194
1.028018
0.002449
0.005331
0.001718
0.001941
0.352666
0.008547
62.166393
0.000008
0.021100
0.273118
0.001004
0.000426
0.021983
0.405355
0.015017
0.003559
0.679042
0.003209
0.001208
0.002503
0.038018
0.002252
0.001126
1.798723
0.010166
0.328228
0.071187
0.203737
0.003495
0.091824
0.009570
0.000652
0.038468
0.100846
0.024583
0.246960
0.040899
0.001310
2.071577
0.066796
0.000746
0.040782
0.242663
0.003297
0.000904
0.000287
0.029888
0.000691
0.002704
0.006043
0.167855
0.001180
0.001287
0.013811
0.002288
0.034516
0.035926
0.000876
0.996362
0.017992
0.000409
0.001336
0.033094
0.417823
0.012950
0.030455
0.003325
0.000337
0.002044
0.022370
0.008649
0.011207
0.000181
0.004390
0.139942
0.008924
0.003035
0.035653
50.707749
0.005547
0.000182
0.549142
0.198884
0.006632
14.332531
0.001293
0.020551
0.001831
