0.009100
0.000425
8.646790
0.005802
1.538712
0.004730
0.001414
27.407416
0.948377
0.002121
0.004126
0.001531
0.001803
0.325398
0.007708
56.653013
0.000008
0.017973
0.261804
0.000788
0.000529
0.021492
0.388275
0.014197
0.003193
0.654236
0.002451
0.000965
0.002310
0.035821
0.002212
0.000942
1.713724
0.010132
0.324240
0.061840
0.149132
0.003084
0.086437
0.008504
0.000634
0.034494
0.095088
0.017629
0.234739
0.039673
0.000775
1.944161
0.037743
0.000722
0.037602
0.218286
0.002753
0.001573
0.000308
0.030576
0.000688
0.002853
0.005985
0.159155
0.001201
0.001287
0.013860
0.002440
0.023050
0.024912
0.000664
0.868926
0.017668
0.000387
0.001228
0.026814
0.402253
0.011412
0.028046
0.003048
0.000303
0.001826
0.021317
0.007620
0.009187
0.000161
0.004287
0.127607
0.007775
0.002780
0.030861
49.256811
0.007998
0.000208
0.557981
0.194620
0.006313
12.899490
0.001305
0.019753
0.001701
