0.010616
0.000418
10.559925
0.005791
1.538171
0.004684
0.001394
28.546124
0.981616
0.002493
0.005115
0.001491
0.001915
0.339541
0.008061
61.375911
0.000034
0.021973
0.271382
0.000973
0.000420
0.021903
0.403058
0.014893
0.003633
0.681088
0.003611
0.001320
0.002646
0.038517
0.002327
0.001198
1.789373
0.010349
0.333438
0.066823
0.207579
0.003434
0.091278
0.027758
0.000653
0.038684
0.099662
0.021316
0.243801
0.038394
0.000920
2.035226
0.042088
0.000729
0.039745
0.205255
0.002674
0.000950
0.000304
0.030293
0.000760
0.004890
0.005896
0.160277
0.001206
0.001301
0.013517
0.001826
0.029198
0.049448
0.000721
0.896870
0.017864
0.000402
0.001309
0.031610
0.418391
0.013959
0.031994
0.004094
0.000343
0.002180
0.022159
0.009612
0.011857
0.000180
0.004521
0.132440
0.008996
0.003329
0.035937
50.301805
0.006159
0.000232
0.556797
0.200298
0.006415
14.399251
0.001307
0.020554
0.001873
