0.010189
0.000387
10.751693
0.006184
1.523217
0.004538
0.001254
27.688554
0.902104
0.002137
0.004143
0.001541
0.001881
0.322928
0.007661
56.716070
0.000008
0.018096
0.267400
0.000800
0.000508
0.020576
0.388527
0.014108
0.003442
0.659786
0.002548
0.000953
0.002292
0.036126
0.002154
0.000934
1.715162
0.009767
0.321119
0.062485
0.151399
0.003100
0.086060
0.008682
0.000628
0.034323
0.094763
0.018794
0.234586
0.039990
0.000762
1.937716
0.037916
0.000625
0.035715
0.195609
0.002557
0.000818
0.000297
0.027895
0.000643
0.002553
0.005743
0.142632
0.001138
0.001266
0.012299
0.002134
0.024568
0.021687
0.000662
0.874772
0.016345
0.000312
0.001109
0.028961
0.397963
0.011490
0.027995
0.003094
0.000315
0.001836
0.021589
0.007695
0.009311
0.000161
0.003949
0.125094
0.007820
0.002909
0.030986
48.322828
0.006819
0.000153
0.525864
0.211300
0.006069
13.048795
0.001444
0.018639
0.001489
