0.007096
0.000367
10.325665
0.005901
0.004759
0.006622
0.001289
26.655781
0.825100
0.002319
0.004354
0.001404
0.000003
0.327878
0.012807
51.884259
0.132942
0.000823
0.000398
0.019596
0.435398
0.013608
0.003207
0.621208
0.002477
0.001109
0.002481
0.034629
0.001982
0.001189
1.923612
0.009189
0.304812
0.075775
0.158346
0.003132
0.084548
0.008678
0.000648
0.038009
0.105208
0.027866
0.274263
0.047462
0.001200
1.815143
0.053971
0.000679
0.021245
0.194562
0.002864
0.000188
0.003015
0.032188
0.000636
0.002757
0.005200
0.151922
0.001067
0.001153
0.012752
0.001663
0.024860
0.000686
0.842801
0.016541
0.000265
0.001195
0.024928
0.014661
0.024437
0.003517
0.000387
0.001923
0.021510
0.012352
0.010637
0.000184
0.001831
0.137263
0.007313
0.002743
0.033192
58.250074
0.005311
0.000140
0.212987
0.210096
0.006321
0.003905
0.001219
0.005123
0.003826
