0.009010
0.000367
10.245931
0.006010
0.005356
0.006535
0.001417
27.239963
0.832378
0.002387
0.004801
0.001532
0.000003
0.330681
0.012690
53.573738
0.134112
0.000926
0.000499
0.020756
0.435208
0.014241
0.003357
0.625072
0.003066
0.001143
0.002602
0.033754
0.001978
0.001128
1.833379
0.009272
0.304573
0.064928
0.191698
0.003419
0.086474
0.008868
0.000643
0.039076
0.105182
0.027446
0.272815
0.047650
0.000952
1.831217
0.038110
0.000745
0.022520
0.207300
0.002877
0.000186
0.003121
0.030347
0.000661
0.002747
0.005343
0.168017
0.001079
0.001160
0.013551
0.002617
0.021028
0.000713
0.858820
0.017112
0.000300
0.001224
0.027271
0.016123
0.025891
0.003301
0.000368
0.001914
0.021890
0.008120
0.010361
0.000200
0.001869
0.135220
0.007829
0.002887
0.034559
58.021090
0.007575
0.000162
0.217787
0.237520
0.006530
0.003928
0.001222
0.005197
0.003822
