0.008874
0.000379
10.637714
0.005945
0.005429
0.006603
0.001462
27.138685
0.823593
0.002448
0.005409
0.001675
0.000003
0.324625
0.012834
53.263178
0.138708
0.000864
0.000452
0.020767
0.449002
0.015422
0.003546
0.681735
0.002924
0.001110
0.002573
0.032655
0.001960
0.001100
1.861420
0.009357
0.299982
0.065385
0.159468
0.003194
0.085091
0.009052
0.000650
0.037711
0.106158
0.026636
0.279837
0.049027
0.000896
1.951891
0.038520
0.000696
0.020684
0.193566
0.002817
0.000184
0.003106
0.028973
0.000645
0.002778
0.005250
0.154279
0.001037
0.001156
0.012937
0.001794
0.024711
0.000686
0.840762
0.016851
0.000266
0.001231
0.025981
0.015174
0.024998
0.003171
0.000357
0.001832
0.021283
0.007732
0.010107
0.000182
0.001807
0.134869
0.007274
0.002665
0.032837
59.096556
0.005484
0.000143
0.212203
0.208564
0.006408
0.004465
0.001236
0.005727
0.003786
