0.008996
0.000382
10.118392
0.005952
0.005601
0.006546
0.001396
27.033378
0.822956
0.002373
0.004957
0.001560
0.000003
0.328114
0.012848
52.991434
0.141851
0.000871
0.000507
0.020707
0.433380
0.014174
0.003288
0.638727
0.003125
0.001454
0.004953
0.061333
0.002614
0.001098
1.839609
0.009512
0.304633
0.064952
0.158604
0.003150
0.086314
0.008704
0.000648
0.038045
0.106097
0.026991
0.277583
0.047659
0.000958
1.889759
0.036363
0.000725
0.022214
0.200938
0.002878
0.000187
0.003165
0.035439
0.000634
0.002827
0.005428
0.155157
0.001063
0.001154
0.012854
0.002435
0.020489
0.000709
0.840986
0.016442
0.000270
0.001180
0.025744
0.014932
0.025741
0.003260
0.000364
0.001925
0.021458
0.007803
0.010488
0.000187
0.001959
0.138251
0.007522
0.002788
0.033877
57.689273
0.007439
0.000139
0.213334
0.215499
0.007451
0.004070
0.001217
0.005428
0.003766
