0.009766
0.000367
9.946231
0.005877
0.005090
0.006485
0.001345
26.478469
0.821313
0.002267
0.004469
0.001508
0.000003
0.329314
0.012726
53.577712
0.135104
0.000836
0.000408
0.021044
0.431678
0.013307
0.003223
0.626110
0.002808
0.001107
0.002612
0.034121
0.001977
0.001113
1.825513
0.009310
0.302514
0.064847
0.165398
0.003185
0.086669
0.009027
0.000653
0.038786
0.104658
0.027613
0.273139
0.047332
0.000936
1.802861
0.038278
0.000684
0.021306
0.194031
0.002843
0.000207
0.003133
0.029246
0.000667
0.003022
0.006775
0.152624
0.001054
0.001155
0.013036
0.002873
0.023621
0.000692
0.842581
0.016495
0.000281
0.001195
0.027392
0.014518
0.024626
0.003250
0.000369
0.001879
0.021134
0.007829
0.011308
0.000167
0.001979
0.128347
0.007227
0.002759
0.032763
56.701755
0.007299
0.000141
0.209153
0.201296
0.006658
0.004142
0.001222
0.005005
0.003740
