0.010065
0.000376
10.109190
0.005942
0.005106
0.006608
0.001343
26.985459
0.828738
0.002267
0.004519
0.001441
0.000004
0.323515
0.012704
55.656562
0.146316
0.000920
0.000421
0.021408
0.451605
0.014288
0.003314
0.671481
0.003786
0.000887
0.002998
0.037783
0.002246
0.001575
1.963231
0.009163
0.308196
0.065778
0.190544
0.003160
0.088865
0.010317
0.000746
0.048244
0.123104
0.029578
0.314544
0.056436
0.001139
1.987327
0.039200
0.000713
0.022423
0.205873
0.002931
0.000190
0.003164
0.029903
0.000691
0.002771
0.005458
0.172056
0.001099
0.001196
0.013552
0.001848
0.025576
0.000718
0.884925
0.017213
0.000287
0.001247
0.033349
0.018314
0.027455
0.005928
0.000419
0.002204
0.024971
0.008379
0.012415
0.000200
0.001999
0.139448
0.007609
0.002722
0.034178
58.526669
0.005450
0.000136
0.211870
0.211260
0.006383
0.003762
0.001216
0.005325
0.003910
