0.008826
0.000370
10.670818
0.005883
0.005190
0.006528
0.001357
26.806882
0.828718
0.002271
0.004507
0.001488
0.000003
0.330252
0.012915
55.864023
0.141827
0.000849
0.000410
0.020708
0.432671
0.013972
0.004910
0.624142
0.003180
0.001345
0.002617
0.034113
0.002117
0.001133
1.845232
0.009611
0.304262
0.071953
0.154392
0.003271
0.084809
0.008760
0.000647
0.037933
0.105409
0.030996
0.276357
0.047789
0.001220
1.818736
0.057327
0.000723
0.022571
0.194301
0.002832
0.000189
0.003048
0.030838
0.000681
0.002772
0.005301
0.159008
0.001092
0.001158
0.012881
0.001779
0.024678
0.000698
0.841197
0.016508
0.000272
0.001188
0.023552
0.014628
0.024732
0.003236
0.000366
0.001885
0.021348
0.007392
0.010309
0.000184
0.001901
0.134841
0.007229
0.002711
0.033033
57.546432
0.005129
0.000135
0.215817
0.197629
0.006184
0.003773
0.001260
0.005294
0.003788
