0.009232
0.000381
11.257355
0.006291
0.005890
0.006515
0.001482
27.587944
0.820951
0.002333
0.005290
0.001567
0.000004
0.333083
0.012772
53.314779
0.138394
0.000832
0.000412
0.020953
0.431261
0.014235
0.003255
0.622137
0.002882
0.001125
0.002642
0.032334
0.001939
0.001137
1.785356
0.009393
0.298683
0.065617
0.190439
0.003239
0.080408
0.008611
0.000617
0.035834
0.104027
0.042170
0.261008
0.044987
0.001147
1.835525
0.041138
0.000739
0.024007
0.194896
0.002803
0.000215
0.003292
0.031013
0.000721
0.003246
0.005288
0.174276
0.001110
0.001217
0.013010
0.001948
0.024603
0.000719
0.837632
0.016546
0.000226
0.001030
0.027080
0.014598
0.030192
0.003332
0.000344
0.001804
0.020332
0.007741
0.010636
0.000178
0.001851
0.135070
0.007123
0.002716
0.033024
56.572802
0.007277
0.000139
0.199542
0.224078
0.006223
0.003610
0.001224
0.005189
0.004187
