0.008784
0.000408
10.872563
0.006017
0.004838
0.006524
0.001339
27.275809
0.834085
0.002272
0.004450
0.001512
0.000003
0.360709
0.013485
53.866387
0.134225
0.001046
0.000403
0.020950
0.432468
0.013579
0.003193
0.626986
0.002848
0.001095
0.002579
0.034443
0.002009
0.001147
1.846671
0.009209
0.306970
0.069827
0.155911
0.003263
0.085869
0.027406
0.000654
0.038942
0.105070
0.035336
0.273340
0.051605
0.000889
1.834096
0.042895
0.000729
0.022695
0.274359
0.003006
0.000348
0.004175
0.028878
0.000669
0.004619
0.005270
0.158864
0.001073
0.001179
0.012816
0.001865
0.024595
0.000687
0.847033
0.017045
0.000354
0.001199
0.024886
0.014638
0.024882
0.003733
0.000341
0.001915
0.021760
0.008021
0.011145
0.000196
0.001995
0.136058
0.007281
0.002703
0.032774
57.783015
0.005574
0.000143
0.216551
0.202052
0.006436
0.003888
0.001236
0.005566
0.003778
