0.008829
0.000379
10.809733
0.005945
0.004888
0.006633
0.001348
27.006508
1.065542
0.002421
0.006020
0.001622
0.000004
0.338584
0.012999
54.742318
0.140023
0.000837
0.000408
0.020852
0.433043
0.013956
0.003204
0.627274
0.003095
0.001181
0.002665
0.032912
0.002011
0.001402
1.843504
0.009284
0.298874
0.069582
0.154502
0.003188
0.086399
0.009175
0.000674
0.039085
0.106345
0.028795
0.271673
0.047379
0.001211
1.862827
0.059226
0.000718
0.022386
0.194023
0.002909
0.000190
0.003037
0.031922
0.000682
0.003022
0.005275
0.163280
0.001140
0.001235
0.013034
0.002031
0.024852
0.000709
0.846632
0.016396
0.000288
0.001215
0.023549
0.014622
0.024898
0.003289
0.000366
0.001911
0.021070
0.009308
0.011140
0.000181
0.001961
0.135528
0.007249
0.002718
0.032906
57.678632
0.005205
0.000128
0.213850
0.235389
0.006335
0.003811
0.001252
0.005328
0.003813
