0.008801
0.000359
9.874896
0.006027
0.005612
0.006641
0.001508
26.684065
0.780658
0.002308
0.004580
0.001471
0.000003
0.315838
0.012107
52.130491
0.128773
0.000819
0.000490
0.020125
0.417683
0.013199
0.003211
0.601190
0.002889
0.001081
0.002524
0.033251
0.001872
0.001077
1.767740
0.008999
0.292174
0.062389
0.154430
0.003232
0.084951
0.008977
0.000656
0.037701
0.105597
0.026517
0.273310
0.046980
0.000967
1.847022
0.039026
0.000719
0.022284
0.192777
0.002955
0.000188
0.003164
0.028842
0.000655
0.002743
0.005201
0.152104
0.001072
0.001155
0.012771
0.002465
0.020295
0.000686
0.839070
0.016370
0.000267
0.001182
0.025018
0.014493
0.024692
0.003250
0.000364
0.001891
0.021087
0.007472
0.009939
0.000177
0.001806
0.134708
0.007179
0.002717
0.045639
56.652483
0.007334
0.000140
0.210176
0.215001
0.006342
0.003766
0.001229
0.005486
0.005412
