7.095999
0.086238
0.005986
0.000938
0.004070
0.004262
0.001349
1.140609
16.006819
0.969383
0.002408
0.004639
0.337560
0.004666
0.026256
0.381027
0.000558
0.023319
0.003541
0.685654
0.001082
0.002406
0.047328
0.002291
0.001175
0.013630
7.203062
0.009758
0.332011
0.064566
0.001807
0.089965
0.008931
0.000637
0.036498
0.100349
0.027566
0.307112
0.000266
0.000912
0.000857
0.009198
2.017783
0.043520
0.003141
4.641383
0.023690
0.213986
0.002819
0.000145
0.029865
0.000729
0.002643
0.149334
0.356323
0.001160
0.001105
0.012077
0.001637
0.021755
0.000655
3.216521
0.891434
0.017623
0.000349
0.001238
0.410069
0.010772
0.023072
0.002844
0.001689
0.021727
0.007373
0.009363
0.042335
0.004134
0.133055
0.003991
0.077288
0.002774
50.091925
0.005620
0.001282
0.340608
0.187400
0.228581
65.827001
5.919977
0.001326
0.004731
0.004186
