7.507584
0.093974
0.006440
0.001045
0.004999
0.004425
0.001537
1.231957
17.058968
0.954265
0.002407
0.004722
0.321483
0.004516
0.025318
0.266411
0.000434
0.020797
0.003315
0.660238
0.000721
0.002338
0.046067
0.002173
0.001142
0.013137
7.318513
0.010298
0.335892
0.065064
0.001749
0.090134
0.008984
0.000652
0.036278
0.100702
0.033856
0.322642
0.000531
0.000949
0.000918
0.009677
2.050582
0.041646
0.003107
4.678842
0.023264
0.229060
0.002896
0.000146
0.030193
0.000730
0.002607
0.147971
0.359809
0.001216
0.001184
0.013068
0.001691
0.022171
0.000714
3.316539
0.901982
0.016522
0.000347
0.001301
0.429286
0.011733
0.027088
0.002935
0.001797
0.021937
0.007649
0.009546
0.042795
0.004052
0.126619
0.003461
0.071503
0.002576
50.741224
0.006358
0.001296
0.343021
0.187663
0.230431
69.859423
6.084434
0.001263
0.021205
0.005699
