7.260921
0.098143
0.007161
0.001103
0.004685
0.004246
0.001379
1.145166
16.950331
0.972166
0.002568
0.004860
0.336030
0.004999
0.028788
0.275664
0.000491
0.020677
0.003300
0.661158
0.000664
0.002261
0.047266
0.002245
0.001087
0.013224
7.397269
0.010140
0.335364
0.065687
0.001778
0.091060
0.008983
0.000642
0.034613
0.098070
0.028318
0.319277
0.000283
0.000969
0.001085
0.009809
2.056988
0.042485
0.003083
4.611488
0.024232
0.216156
0.002686
0.000142
0.030728
0.000739
0.002555
0.151477
0.359425
0.001229
0.001182
0.012926
0.001584
0.022417
0.000709
3.286218
0.990776
0.021553
0.000324
0.001281
0.415029
0.011474
0.037806
0.003193
0.001953
0.022768
0.008362
0.010107
0.045138
0.004506
0.141485
0.007621
0.078705
0.002727
50.245550
0.005611
0.001279
0.347627
0.188019
0.217455
66.008638
5.824805
0.001221
0.004989
0.004433
