7.475794
0.090088
0.006325
0.000956
0.004403
0.004063
0.001342
1.127124
17.027744
1.032402
0.002716
0.005489
0.427242
0.005952
0.028876
0.273854
0.000451
0.022079
0.003844
0.689725
0.001310
0.002458
0.049939
0.002238
0.001274
0.013796
7.163036
0.010736
0.354805
0.068201
0.001835
0.087608
0.008743
0.000630
0.035629
0.096999
0.034135
0.322113
0.000276
0.000938
0.000996
0.009934
1.989254
0.041951
0.002995
4.473788
0.023216
0.204994
0.002572
0.000132
0.028695
0.000673
0.002389
0.139738
0.349483
0.001130
0.001100
0.011952
0.001428
0.021541
0.000658
3.152739
0.885890
0.017329
0.000257
0.001006
0.412692
0.011552
0.025271
0.002955
0.001793
0.022312
0.007645
0.009483
0.044721
0.004206
0.130734
0.003586
0.071118
0.002697
49.114239
0.005052
0.001207
0.324244
0.179514
0.212250
68.570435
5.927245
0.001220
0.004631
0.004290
