7.188748
0.086783
0.006084
0.000969
0.004071
0.004300
0.001285
1.109260
16.052011
0.918808
0.002269
0.004828
0.328671
0.004632
0.024402
0.260976
0.000521
0.020961
0.003424
0.679915
0.000718
0.002455
0.048941
0.002268
0.001145
0.013620
8.001885
0.010242
0.342901
0.066193
0.001888
0.135946
0.009923
0.000711
0.039493
0.103282
0.031394
0.334014
0.000284
0.000966
0.000908
0.009696
2.201059
0.051637
0.003463
5.004449
0.024147
0.220518
0.002689
0.000148
0.031130
0.000754
0.002591
0.151990
0.361898
0.001200
0.001156
0.012986
0.002232
0.023324
0.000824
3.363028
0.913616
0.016886
0.000341
0.001391
0.435272
0.011627
0.024439
0.003119
0.002095
0.022720
0.008193
0.010644
0.048189
0.004434
0.132621
0.003894
0.076925
0.002722
54.212371
0.006388
0.001474
0.394396
0.217818
0.248736
71.474343
6.066456
0.001308
0.004859
0.004225
