7.526639
0.099369
0.006936
0.001059
0.004119
0.004177
0.001338
1.146389
15.989574
0.992973
0.002398
0.004694
0.341139
0.004672
0.024775
0.284515
0.000555
0.023131
0.003552
0.694380
0.000701
0.002358
0.049141
0.002279
0.001141
0.013653
7.366672
0.009916
0.330596
0.061815
0.001696
0.091435
0.009013
0.000653
0.036170
0.100536
0.028101
0.318895
0.000277
0.000954
0.000876
0.009776
2.042054
0.040986
0.003111
4.714827
0.029987
0.214798
0.002764
0.000138
0.029329
0.000705
0.004507
0.146519
0.359313
0.001199
0.001156
0.012965
0.001698
0.022725
0.000687
3.313981
0.887575
0.016365
0.000317
0.001178
0.414755
0.011350
0.023341
0.003072
0.001934
0.022433
0.007793
0.010175
0.048052
0.004616
0.135802
0.003480
0.072726
0.002489
50.926160
0.005288
0.001213
0.329567
0.177621
0.228469
66.409132
6.081743
0.001297
0.004777
0.004159
