7.141731
0.086711
0.006214
0.000947
0.004215
0.004217
0.001310
1.157256
16.313677
1.002700
0.002406
0.004712
0.337518
0.004663
0.027917
0.295434
0.000511
0.022046
0.003475
0.684252
0.001066
0.002248
0.048233
0.002160
0.001183
0.013671
7.275491
0.009790
0.331850
0.064629
0.001806
0.087010
0.008820
0.000634
0.036686
0.099499
0.028299
0.308486
0.000265
0.000952
0.000912
0.009188
2.029398
0.042767
0.003078
4.839043
0.025027
0.238025
0.003188
0.000154
0.030100
0.000725
0.002580
0.147250
0.356403
0.001225
0.001169
0.012645
0.001726
0.022466
0.000696
3.352601
0.897085
0.016278
0.000335
0.001305
0.424406
0.011245
0.023432
0.003013
0.001888
0.022273
0.007619
0.009934
0.045180
0.004274
0.133294
0.004802
0.075833
0.002657
50.224533
0.006079
0.001372
0.349050
0.207738
0.234712
75.520534
6.230017
0.001343
0.004830
0.004308
