7.227603
0.088783
0.005901
0.000945
0.003875
0.004011
0.001200
1.123133
15.252616
0.958890
0.002417
0.004431
0.344324
0.004387
0.023193
0.271876
0.000408
0.021002
0.003444
0.672748
0.000701
0.002368
0.049650
0.002241
0.001218
0.013659
7.468789
0.010083
0.333582
0.076004
0.001818
0.090691
0.008872
0.000650
0.036183
0.100417
0.029457
0.319082
0.000282
0.000956
0.000883
0.009695
2.045756
0.049917
0.003163
4.619168
0.023488
0.212691
0.002717
0.000136
0.033334
0.000713
0.002659
0.144796
0.356837
0.001200
0.001157
0.012815
0.001614
0.017812
0.000708
3.173399
0.863822
0.016326
0.000320
0.001270
0.408092
0.013675
0.023131
0.003063
0.001949
0.022966
0.007571
0.009818
0.045945
0.004225
0.133726
0.003656
0.075106
0.002665
49.474490
0.005371
0.001227
0.326599
0.186106
0.228132
71.605236
6.096741
0.001291
0.005053
0.004419
