7.683255
0.090527
0.006086
0.000963
0.004853
0.004208
0.001408
1.191952
18.377124
1.001320
0.002563
0.005179
0.339701
0.004880
0.028053
0.273438
0.000424
0.021656
0.003503
0.687723
0.001136
0.002541
0.052484
0.002451
0.001225
0.014650
7.734082
0.009913
0.323250
0.064834
0.001844
0.088431
0.009472
0.000649
0.036879
0.098652
0.029203
0.309587
0.000276
0.000947
0.000931
0.009459
2.017501
0.041483
0.003092
4.641134
0.025046
0.218679
0.002656
0.000226
0.031233
0.000901
0.002537
0.145891
0.356715
0.001185
0.001174
0.012715
0.001655
0.021774
0.000710
3.307687
0.959209
0.018448
0.000428
0.002178
0.448832
0.012341
0.023408
0.003185
0.002129
0.023605
0.007683
0.010341
0.048088
0.004228
0.133669
0.003395
0.079537
0.002878
49.566743
0.005382
0.001280
0.341798
0.189918
0.229084
73.489199
6.164993
0.001297
0.005191
0.004417
