6.851716
0.087466
0.005942
0.000901
0.004351
0.004028
0.001341
1.145529
17.246611
0.968548
0.002469
0.004937
0.335685
0.004841
0.025932
0.262410
0.000413
0.020279
0.003292
0.653500
0.000999
0.002342
0.046487
0.002158
0.000969
0.012841
7.302454
0.010133
0.325745
0.063023
0.001799
0.090812
0.009104
0.000650
0.038141
0.100917
0.033566
0.324819
0.000298
0.000980
0.001003
0.009498
2.013411
0.042351
0.002943
4.475468
0.022331
0.206870
0.002889
0.000139
0.029308
0.000701
0.002460
0.140470
0.346118
0.001207
0.001134
0.012005
0.001591
0.021641
0.000702
3.135292
0.877820
0.015832
0.000248
0.000976
0.405709
0.011798
0.024315
0.002850
0.001813
0.021688
0.007813
0.009257
0.045007
0.003982
0.132172
0.003604
0.070949
0.002559
49.329336
0.004905
0.001225
0.328594
0.186646
0.250382
69.503111
5.847154
0.001255
0.004698
0.004064
