7.206381
0.084029
0.005705
0.000903
0.004151
0.004008
0.001118
1.106971
15.145593
0.973617
0.003256
0.006589
0.422569
0.004824
0.025266
0.272741
0.000543
0.021557
0.003407
0.676711
0.001187
0.002290
0.047976
0.002159
0.001205
0.013236
7.220522
0.009854
0.317034
0.062542
0.001694
0.085489
0.008881
0.000638
0.034904
0.095158
0.027562
0.301797
0.000268
0.000907
0.000728
0.009096
1.966182
0.041451
0.002941
4.561925
0.023439
0.216598
0.002584
0.000146
0.030850
0.000725
0.002598
0.149527
0.360586
0.001178
0.001168
0.013145
0.002526
0.021724
0.000718
3.242609
0.884228
0.016523
0.000332
0.001236
0.410627
0.011809
0.024815
0.002942
0.002014
0.022239
0.008505
0.010738
0.045279
0.004420
0.125384
0.003305
0.076688
0.002619
48.408776
0.005093
0.001308
0.330944
0.191964
0.219121
68.976178
6.014597
0.001292
0.004774
0.004230
