0.008921
0.000348
0.000424
0.005139
0.002687
0.000005
0.000117
0.005108
0.004302
0.000062
0.000284
0.001876
0.000074
0.008298
0.000055
0.002460
0.004836
0.022644
0.000754
0.000009
0.001151
0.008038
0.003678
0.000060
0.018942
0.004957
0.003076
0.000144
0.015991
0.459492
0.004135
0.002076
0.001539
0.000813
0.000591
0.000795
0.000040
0.000373
0.000830
0.000471
0.003163
0.326735
0.000648
0.000045
0.003584
0.001472
0.000013
0.013949
0.001062
0.028560
0.003718
0.000016
0.028334
0.000070
0.023814
0.001207
0.000306
0.000396
0.001232
0.000818
0.000505
0.063980
0.000140
0.037318
0.014743
0.000196
0.001003
0.000186
0.000296
0.010546
0.000150
0.002839
0.000920
0.035337
0.001193
0.000024
0.001097
0.001223
0.018242
0.002834
0.000185
0.045869
0.000725
0.001555
0.000879
0.002198
0.000245
0.001268
0.029794
0.002737
0.045721
0.015679
0.010912
0.003447
0.000385
0.008211
0.000939
0.004174
0.011009
0.055947
0.000241
0.001353
0.007259
0.007219
0.042126
0.002255
0.005943
0.004014
0.003968
0.000091
0.040120
0.133272
0.038828
0.004268
0.000350
0.001210
0.005579
0.001677
