0.009143
0.000352
0.000455
0.005481
0.002904
0.000005
0.000110
0.005265
0.004496
0.000065
0.000325
0.001922
0.000078
0.008407
0.000054
0.002527
0.004762
0.022680
0.000770
0.000016
0.001174
0.008000
0.003492
0.000059
0.019053
0.004892
0.003403
0.000119
0.016041
0.459844
0.004248
0.002133
0.001550
0.000860
0.000207
0.000698
0.000040
0.000363
0.000906
0.000482
0.003723
0.326239
0.000596
0.000042
0.003613
0.001458
0.000014
0.016113
0.001114
0.024219
0.003230
0.000015
0.028172
0.000085
0.021704
0.001231
0.000312
0.000365
0.001184
0.000792
0.000470
0.057378
0.000123
0.037037
0.014478
0.000195
0.001081
0.000183
0.000271
0.010600
0.000194
0.002919
0.000905
0.022449
0.001238
0.000030
0.001095
0.001184
0.017884
0.002542
0.000171
0.037744
0.000728
0.001530
0.000856
0.002092
0.000226
0.001277
0.032219
0.002731
0.045446
0.015914
0.010899
0.003516
0.000379
0.008226
0.000944
0.003666
0.011041
0.055580
0.000220
0.001257
0.007731
0.007363
0.042311
0.002265
0.005994
0.003995
0.004067
0.000092
0.042151
0.148407
0.038445
0.004020
0.000351
0.001192
0.005598
0.001432
