0.010333
0.000355
0.000455
0.005420
0.002879
0.000005
0.000119
0.005520
0.004566
0.000067
0.000374
0.001880
0.000076
0.008449
0.000053
0.002367
0.004664
0.023087
0.000737
0.000010
0.001163
0.008127
0.003438
0.000059
0.018717
0.005036
0.003037
0.000115
0.015356
0.472210
0.004197
0.002138
0.001538
0.000816
0.000620
0.000720
0.000039
0.000302
0.000840
0.000473
0.003158
0.326503
0.000618
0.000041
0.003498
0.001479
0.000013
0.013568
0.001101
0.025110
0.003337
0.000015
0.027913
0.000071
0.021505
0.001187
0.000286
0.000383
0.001216
0.000770
0.000477
0.056065
0.000116
0.035572
0.013819
0.000198
0.001067
0.000174
0.000265
0.009213
0.000140
0.002727
0.000879
0.021894
0.001192
0.000024
0.001087
0.001113
0.017569
0.001661
0.000177
0.022388
0.000705
0.001336
0.000815
0.002113
0.000197
0.001249
0.028900
0.002724
0.041171
0.015279
0.009258
0.003340
0.000377
0.008146
0.000922
0.003312
0.009766
0.055132
0.000198
0.001231
0.007974
0.007208
0.044018
0.002313
0.006143
0.004253
0.003799
0.000095
0.041907
0.165492
0.040011
0.004217
0.000364
0.001153
0.005855
0.001798
