0.008949
0.000354
0.000452
0.005325
0.002856
0.000005
0.000117
0.005244
0.004406
0.000059
0.000342
0.001884
0.000076
0.008154
0.000053
0.002487
0.004828
0.022453
0.000754
0.000010
0.001141
0.007899
0.003506
0.000066
0.018974
0.004853
0.003144
0.000115
0.015970
0.454560
0.004117
0.002110
0.001487
0.000829
0.000590
0.000708
0.000054
0.000333
0.000832
0.000496
0.003124
0.322154
0.000574
0.000041
0.003438
0.001521
0.000015
0.013651
0.001014
0.025955
0.003708
0.000016
0.028395
0.000070
0.023987
0.001165
0.000309
0.000384
0.001213
0.000867
0.000508
0.062905
0.000124
0.037646
0.014344
0.000199
0.001069
0.000185
0.000279
0.009987
0.000161
0.002838
0.000889
0.021971
0.001144
0.000023
0.001085
0.001154
0.017420
0.002454
0.000185
0.025074
0.000701
0.001277
0.000763
0.002073
0.000189
0.001283
0.027000
0.002644
0.040376
0.014711
0.009873
0.003306
0.000389
0.008022
0.000925
0.003317
0.009359
0.053170
0.000197
0.001268
0.007493
0.008609
0.047153
0.002366
0.006553
0.004325
0.004704
0.000133
0.042166
0.153083
0.038790
0.004249
0.000327
0.001183
0.005512
0.001678
