0.009492
0.000353
0.000451
0.005501
0.002961
0.000004
0.000121
0.005599
0.004476
0.000053
0.000365
0.001903
0.000091
0.008269
0.000055
0.002487
0.004766
0.023035
0.000723
0.000034
0.001149
0.008134
0.003589
0.000056
0.017879
0.004963
0.002986
0.000125
0.015713
0.482542
0.004221
0.002103
0.001552
0.000854
0.000646
0.000734
0.000040
0.000354
0.000916
0.000507
0.003138
0.325154
0.000572
0.000042
0.003623
0.001446
0.000015
0.013872
0.001164
0.025977
0.003486
0.000015
0.027458
0.000067
0.021651
0.001123
0.000290
0.000376
0.001191
0.000821
0.000462
0.058464
0.000124
0.035909
0.013700
0.000208
0.001043
0.000176
0.000268
0.010029
0.000153
0.002841
0.000880
0.020048
0.001170
0.000022
0.001046
0.001116
0.016797
0.001711
0.000170
0.021458
0.000691
0.001292
0.000776
0.002062
0.000188
0.001248
0.028644
0.002639
0.041862
0.015025
0.009285
0.004732
0.000354
0.007849
0.000925
0.003145
0.009167
0.051888
0.000191
0.001126
0.007528
0.007263
0.051269
0.002494
0.008079
0.004992
0.003833
0.000102
0.042379
0.153438
0.038274
0.004606
0.000361
0.001153
0.005730
0.001614
