0.009145
0.000369
0.000444
0.005453
0.002899
0.000005
0.000121
0.005403
0.004540
0.000062
0.000339
0.001986
0.000076
0.008362
0.000054
0.002565
0.004773
0.022834
0.000775
0.000009
0.001141
0.008041
0.003550
0.000059
0.018934
0.005050
0.003296
0.000125
0.016018
0.459203
0.004184
0.002133
0.001542
0.000825
0.000640
0.000734
0.000040
0.000360
0.000826
0.000472
0.003133
0.327988
0.000617
0.000041
0.003573
0.001478
0.000014
0.013548
0.001066
0.025297
0.003326
0.000016
0.028396
0.000071
0.021063
0.001167
0.000316
0.000368
0.001226
0.000817
0.000492
0.057485
0.000120
0.037380
0.014833
0.000199
0.000978
0.000184
0.000273
0.010455
0.000156
0.002864
0.000914
0.022127
0.001200
0.000024
0.001088
0.001199
0.017355
0.002774
0.000185
0.036187
0.000710
0.001271
0.000789
0.002153
0.000214
0.001199
0.026628
0.002733
0.040994
0.014762
0.015013
0.003520
0.000354
0.008321
0.000927
0.004677
0.010613
0.055795
0.000184
0.001379
0.007456
0.008247
0.043970
0.002406
0.006187
0.004330
0.004224
0.000093
0.041776
0.137088
0.037172
0.004076
0.000345
0.001095
0.005751
0.001708
