0.008176
0.000353
0.000426
0.005364
0.002837
0.000005
0.000114
0.005414
0.004581
0.000202
0.000311
0.001870
0.000079
0.008162
0.000054
0.002385
0.004626
0.022985
0.000744
0.000012
0.001154
0.007998
0.003317
0.000057
0.017633
0.004946
0.003243
0.000109
0.016214
0.470067
0.005355
0.002229
0.001540
0.000836
0.000629
0.000738
0.000040
0.000364
0.000835
0.000488
0.003467
0.329266
0.000581
0.000042
0.003398
0.001475
0.000138
0.016255
0.001098
0.025911
0.003386
0.000015
0.028913
0.000068
0.020912
0.001174
0.000324
0.000371
0.001181
0.000796
0.000489
0.042096
0.000159
0.037163
0.015015
0.000194
0.001003
0.000195
0.000319
0.010415
0.000203
0.002957
0.000905
0.023489
0.001173
0.000153
0.001082
0.001151
0.017757
0.002031
0.000191
0.026140
0.000758
0.001277
0.000821
0.002240
0.000212
0.001108
0.030451
0.002680
0.040454
0.014992
0.009326
0.003211
0.000387
0.008109
0.000948
0.003262
0.009504
0.052415
0.000177
0.001258
0.007485
0.007238
0.044028
0.002293
0.006266
0.004313
0.003754
0.000093
0.041854
0.124080
0.039282
0.004975
0.000358
0.001156
0.005963
0.001903
