0.009447
0.000349
0.000443
0.005215
0.002707
0.000005
0.000114
0.005068
0.004335
0.000061
0.000313
0.001845
0.000076
0.007889
0.000054
0.002327
0.004677
0.022402
0.000715
0.000009
0.001097
0.007650
0.003391
0.000062
0.018306
0.004679
0.003385
0.000150
0.015650
0.439092
0.003975
0.002217
0.001542
0.000854
0.000201
0.000740
0.000043
0.000368
0.000793
0.000452
0.003290
0.316533
0.000578
0.000040
0.003398
0.001444
0.000082
0.014035
0.001073
0.025543
0.003375
0.000016
0.028405
0.000067
0.021682
0.001191
0.000301
0.000379
0.001162
0.000780
0.000495
0.057814
0.000128
0.037361
0.014743
0.000194
0.001100
0.000183
0.000280
0.010709
0.000142
0.002865
0.000907
0.021253
0.001206
0.000025
0.001071
0.001153
0.017536
0.002513
0.000185
0.022028
0.000692
0.001314
0.000795
0.002074
0.000195
0.001235
0.028595
0.002634
0.039841
0.015040
0.009310
0.003246
0.000355
0.008214
0.000939
0.003424
0.009510
0.054345
0.000195
0.001230
0.007460
0.007306
0.044198
0.002373
0.006045
0.004351
0.004905
0.000137
0.041603
0.135863
0.036583
0.004276
0.000350
0.001152
0.005455
0.001522
