0.008993
0.000351
0.000435
0.005498
0.002850
0.000005
0.000113
0.005163
0.004537
0.000052
0.000320
0.001861
0.000077
0.008053
0.000079
0.002316
0.004561
0.022757
0.000713
0.000009
0.001153
0.007998
0.003474
0.000058
0.017980
0.004979
0.003032
0.000098
0.016023
0.476231
0.004213
0.002140
0.001588
0.000835
0.000580
0.000720
0.000041
0.000326
0.000892
0.000461
0.003264
0.325373
0.000649
0.000040
0.003519
0.001486
0.000015
0.013585
0.001000
0.025302
0.003270
0.000015
0.028259
0.000072
0.020802
0.001155
0.000281
0.000382
0.001194
0.000783
0.000526
0.057316
0.000126
0.037706
0.014538
0.000197
0.000993
0.000184
0.000281
0.010614
0.000144
0.002881
0.000909
0.022226
0.001186
0.000024
0.001097
0.001155
0.017363
0.002420
0.000184
0.024233
0.000695
0.001315
0.000793
0.002003
0.000196
0.001231
0.029069
0.002593
0.051257
0.018739
0.011045
0.003352
0.000340
0.008195
0.000943
0.003544
0.009664
0.055050
0.000199
0.001293
0.007394
0.009832
0.048553
0.002447
0.006724
0.004465
0.004365
0.000114
0.042191
0.153120
0.038627
0.004187
0.000345
0.001145
0.005325
0.001639
