0.009088
0.000353
0.000477
0.005398
0.002859
0.000019
0.000119
0.005444
0.004594
0.000067
0.000318
0.001891
0.000078
0.008031
0.000053
0.002411
0.004738
0.022669
0.000747
0.000009
0.001183
0.008020
0.003636
0.000058
0.017643
0.004704
0.003238
0.000145
0.015377
0.439086
0.004094
0.002080
0.001460
0.000789
0.000563
0.000745
0.000040
0.000368
0.000806
0.000455
0.003139
0.320607
0.000618
0.000042
0.003564
0.001507
0.000019
0.013292
0.001015
0.024526
0.003149
0.000016
0.026736
0.000070
0.022320
0.001140
0.000273
0.000391
0.001037
0.000641
0.000471
0.057451
0.000110
0.035715
0.013710
0.000206
0.000935
0.000183
0.000214
0.009890
0.000127
0.002715
0.000861
0.021293
0.001221
0.000022
0.001034
0.001168
0.016655
0.002224
0.000153
0.021807
0.000667
0.001239
0.000757
0.001858
0.000177
0.001092
0.028566
0.002627
0.041018
0.015392
0.009433
0.003354
0.000352
0.007751
0.000893
0.003227
0.008705
0.053625
0.000189
0.001117
0.007156
0.007881
0.042287
0.002269
0.005565
0.004208
0.003941
0.000096
0.040583
0.138900
0.040020
0.004152
0.000359
0.001150
0.005921
0.001508
