0.008884
0.000358
0.000440
0.005452
0.002952
0.000004
0.000114
0.005399
0.004508
0.000054
0.000317
0.001878
0.000080
0.007985
0.000053
0.002277
0.004623
0.022831
0.000711
0.000009
0.001155
0.007998
0.003269
0.000056
0.017454
0.005057
0.002965
0.000094
0.015253
0.466990
0.004158
0.002189
0.001559
0.000821
0.000217
0.000710
0.000041
0.000329
0.000829
0.000459
0.003144
0.326402
0.000580
0.000041
0.003499
0.001484
0.000014
0.013596
0.001083
0.026170
0.003267
0.000050
0.028296
0.000075
0.017523
0.001198
0.000296
0.000378
0.000913
0.000752
0.000493
0.044685
0.000155
0.037321
0.014864
0.000196
0.000979
0.000182
0.000288
0.010440
0.000164
0.002866
0.000922
0.021321
0.001257
0.000023
0.001097
0.001186
0.017424
0.001795
0.000192
0.022159
0.000723
0.001286
0.000792
0.002091
0.000195
0.001200
0.028526
0.002590
0.039256
0.014639
0.009418
0.004345
0.000358
0.007984
0.000915
0.003239
0.009602
0.053844
0.000197
0.001157
0.007627
0.007348
0.053732
0.002429
0.006269
0.004323
0.003807
0.000108
0.042222
0.128011
0.038924
0.004141
0.000341
0.001154
0.005466
0.001532
