0.013959
0.000433
0.016013
0.007204
0.005099
0.001612
31.116861
1.096939
0.002535
0.005952
0.001793
0.002071
0.397039
0.009797
66.735104
0.293292
0.001104
0.000429
0.024296
0.431813
0.016012
0.003885
0.790745
0.001302
0.002501
0.052596
0.002218
0.001277
1.943867
0.011310
0.363436
0.070094
0.209620
0.100701
0.009976
0.000696
0.108672
0.036609
0.345136
0.058214
0.001425
2.221942
0.063038
0.000786
0.046464
0.226307
0.002875
0.000905
0.000475
0.034442
0.000911
0.002914
0.006338
0.178378
0.001314
0.001392
0.014689
0.001941
0.029840
0.000746
0.966214
0.018272
0.000405
0.001353
0.034697
0.019342
0.013229
0.003660
0.024083
0.010076
0.012877
0.000194
0.004696
0.142923
0.010804
0.083249
0.002697
0.035762
54.987985
0.006553
0.000183
0.249748
0.219815
0.007282
0.001389
0.022166
0.004750
