0.014093
0.000434
0.014669
0.006622
0.004924
0.001609
31.314407
1.086614
0.002553
0.006057
0.001754
0.002042
0.371962
0.009704
67.415084
0.295010
0.001110
0.000454
0.025048
0.449074
0.016734
0.003894
0.772293
0.001364
0.002564
0.053052
0.002276
0.001265
2.069399
0.011748
0.381289
0.074707
0.236841
0.106178
0.010598
0.000752
0.116204
0.040604
0.378525
0.064275
0.001944
2.444169
0.073052
0.000832
0.049732
0.243100
0.003098
0.001021
0.000513
0.038199
0.000916
0.003220
0.006798
0.194164
0.001378
0.001558
0.016484
0.002088
0.027795
0.000803
1.047435
0.019416
0.000432
0.001482
0.038280
0.021773
0.019580
0.004119
0.025869
0.012448
0.014103
0.000195
0.004747
0.141097
0.010817
0.084214
0.002690
0.034592
54.136236
0.006345
0.000194
0.247169
0.216618
0.007373
0.001415
0.022499
0.004812
