0.011576
0.000435
0.013732
0.005889
0.006020
0.001549
29.101335
0.975034
0.002296
0.004876
0.001451
0.001843
0.335632
0.008960
62.902251
0.295685
0.001078
0.000443
0.022625
0.433608
0.016024
0.003830
0.731256
0.001314
0.002534
0.053138
0.002256
0.001416
1.956790
0.011160
0.363510
0.088315
0.224556
0.099353
0.010621
0.000739
0.111806
0.041859
0.363045
0.063060
0.002191
2.285306
0.065861
0.000773
0.046027
0.225603
0.002897
0.000934
0.000520
0.037743
0.000836
0.003011
0.006266
0.179595
0.001301
0.001388
0.014571
0.001931
0.028225
0.000761
0.954812
0.018277
0.000387
0.001367
0.033451
0.019906
0.013608
0.003619
0.023995
0.010402
0.013058
0.000196
0.004654
0.141005
0.010985
0.083674
0.002571
0.035959
54.560506
0.006872
0.000186
0.252787
0.228912
0.009740
0.001514
0.024717
0.004809
