0.013384
0.000440
0.014634
0.006560
0.004822
0.001562
31.129777
1.070294
0.002458
0.005459
0.001700
0.002050
0.382741
0.010085
64.594204
0.289176
0.001097
0.000408
0.022615
0.424648
0.016429
0.003980
0.740768
0.001296
0.002404
0.049283
0.002100
0.001293
1.876557
0.010677
0.347659
0.067411
0.213032
0.095272
0.009851
0.000671
0.106372
0.036616
0.345762
0.058501
0.001027
2.229937
0.042832
0.000760
0.043265
0.209150
0.002792
0.000856
0.000451
0.032600
0.000802
0.002686
0.005828
0.172189
0.001272
0.001360
0.014343
0.001934
0.027303
0.000722
0.953500
0.017587
0.000363
0.001381
0.033712
0.019349
0.013025
0.003503
0.022358
0.010388
0.012530
0.000183
0.004422
0.137464
0.010321
0.085148
0.002728
0.046455
54.213652
0.006864
0.000190
0.286438
0.243195
0.007391
0.001387
0.021613
0.004615
