0.014092
0.000446
0.014750
0.006842
0.005943
0.001864
31.298190
1.064602
0.002584
0.006068
0.001759
0.002024
0.366238
0.009656
65.160631
0.295854
0.001128
0.000457
0.023506
0.434788
0.016156
0.004042
0.737586
0.001331
0.002585
0.052907
0.002283
0.001261
1.943967
0.010909
0.360566
0.070495
0.224174
0.099473
0.009847
0.000715
0.109315
0.036793
0.347217
0.058890
0.001426
2.255027
0.061256
0.000775
0.045761
0.229191
0.002973
0.000934
0.000494
0.033587
0.000832
0.002873
0.006318
0.198072
0.001377
0.001387
0.014997
0.002177
0.029682
0.000769
0.963526
0.018580
0.000397
0.001320
0.035175
0.018832
0.013648
0.003727
0.024225
0.010277
0.013096
0.000191
0.004764
0.141119
0.011534
0.083322
0.002732
0.035618
54.078411
0.006477
0.000193
0.249122
0.218130
0.007494
0.001387
0.021777
0.004702
