0.013016
0.000433
0.014630
0.006753
0.005029
0.001560
31.021622
1.071324
0.002573
0.006154
0.001770
0.002091
0.377930
0.009891
65.382168
0.295741
0.001122
0.000444
0.023328
0.434369
0.015966
0.003922
0.753416
0.001349
0.002529
0.052065
0.002197
0.001263
1.951964
0.011059
0.360912
0.072878
0.215725
0.099582
0.010376
0.000727
0.111239
0.044651
0.368276
0.058553
0.001342
2.231625
0.059118
0.000776
0.047688
0.227093
0.002934
0.000943
0.000508
0.033433
0.000833
0.002802
0.006309
0.182730
0.001385
0.001394
0.014895
0.001808
0.029746
0.000752
0.962767
0.018510
0.000405
0.001459
0.032709
0.019237
0.012078
0.003681
0.024492
0.022185
0.015217
0.000201
0.004928
0.142132
0.009768
0.081814
0.002624
0.035350
54.123452
0.006845
0.000200
0.247805
0.213916
0.007173
0.001359
0.021647
0.004658
