0.014159
0.000462
0.014631
0.006649
0.004872
0.001625
30.910032
1.080930
0.002594
0.006040
0.001769
0.002038
0.366914
0.009848
65.782059
0.296700
0.001101
0.000447
0.023423
0.435537
0.016242
0.003996
0.739357
0.001335
0.002756
0.054066
0.002256
0.001302
1.954163
0.011088
0.366708
0.076928
0.225704
0.109352
0.010573
0.000711
0.111456
0.037514
0.352909
0.059677
0.001485
2.323306
0.061787
0.000778
0.046026
0.226332
0.002966
0.000924
0.000505
0.034186
0.000830
0.002840
0.006437
0.183294
0.001328
0.001391
0.014787
0.001811
0.029778
0.000759
0.976837
0.018577
0.000407
0.001367
0.035915
0.020225
0.013707
0.003968
0.024597
0.010942
0.013488
0.000198
0.004786
0.144908
0.011511
0.088434
0.002878
0.038649
54.700790
0.006548
0.000189
0.245468
0.216844
0.008377
0.001429
0.021732
0.004661
