0.013320
0.000429
0.014520
0.006801
0.004873
0.001694
30.823503
1.072070
0.002536
0.006042
0.001710
0.002015
0.360681
0.009539
64.827227
0.299645
0.001098
0.000448
0.023675
0.453695
0.017365
0.004077
0.752573
0.001549
0.002893
0.057700
0.002448
0.001324
1.945882
0.011343
0.357134
0.069625
0.217545
0.099155
0.010093
0.000707
0.108731
0.036991
0.347737
0.058298
0.001361
2.248705
0.063733
0.000813
0.046306
0.226067
0.002917
0.000972
0.000528
0.033739
0.000856
0.003131
0.006573
0.183486
0.001351
0.001415
0.014793
0.003257
0.031305
0.000771
0.987875
0.021540
0.000426
0.001620
0.034798
0.019461
0.013123
0.003752
0.024675
0.010037
0.012831
0.000190
0.004697
0.142403
0.011892
0.086327
0.002654
0.041490
54.173049
0.006427
0.000197
0.253396
0.214420
0.007368
0.001362
0.022727
0.004681
