0.014234
0.000445
0.014889
0.006652
0.005209
0.001764
31.542258
1.065295
0.002740
0.007325
0.001807
0.001962
0.383421
0.009872
65.730006
0.293180
0.001125
0.000483
0.023595
0.449181
0.018284
0.004636
0.759397
0.001401
0.002586
0.054936
0.002294
0.001498
1.999164
0.011032
0.364550
0.075964
0.208863
0.097596
0.009721
0.000701
0.108464
0.035595
0.346600
0.058024
0.001408
2.210365
0.063760
0.000773
0.046208
0.226838
0.002883
0.000950
0.000467
0.034555
0.000814
0.002800
0.006362
0.178928
0.001319
0.001360
0.014432
0.002275
0.028475
0.000786
1.005201
0.022145
0.000436
0.001547
0.033462
0.019497
0.013264
0.005424
0.024279
0.009942
0.012655
0.000190
0.004592
0.142096
0.011290
0.082097
0.002670
0.035198
54.875745
0.006993
0.000189
0.245550
0.211887
0.007473
0.001361
0.021796
0.004587
