0.013457
0.000422
0.015331
0.006898
0.004957
0.001613
31.161388
1.076512
0.002490
0.005584
0.001683
0.002039
0.370570
0.009640
66.447448
0.296507
0.001130
0.000435
0.023838
0.432111
0.016141
0.003844
0.736982
0.001308
0.002528
0.053160
0.002217
0.001283
1.989434
0.011158
0.359670
0.068674
0.215297
0.097706
0.009848
0.000699
0.108917
0.035503
0.352049
0.059249
0.000985
2.243729
0.043202
0.000792
0.045901
0.225697
0.002838
0.000916
0.000478
0.034347
0.000834
0.002960
0.006312
0.179556
0.001291
0.001388
0.014992
0.001980
0.029632
0.000757
0.966360
0.018714
0.000391
0.001331
0.035292
0.019545
0.013499
0.003766
0.024087
0.010167
0.012752
0.000190
0.004731
0.141442
0.010856
0.084883
0.002673
0.035149
54.083447
0.007340
0.000180
0.248706
0.231166
0.007401
0.001361
0.022005
0.004790
