0.013378
0.000429
0.014554
0.006712
0.005548
0.001691
31.086265
1.081356
0.002602
0.006099
0.001781
0.002042
0.368207
0.009727
65.161331
0.304993
0.001094
0.000458
0.023659
0.434498
0.016246
0.003960
0.741585
0.001331
0.002592
0.054347
0.002285
0.001317
1.980617
0.011171
0.359839
0.070528
0.225065
0.102367
0.010292
0.000725
0.112068
0.038097
0.351120
0.059185
0.001496
2.332290
0.063515
0.000788
0.046443
0.230051
0.002804
0.001001
0.000504
0.034593
0.000830
0.003115
0.006613
0.182878
0.001302
0.001373
0.014740
0.001759
0.029708
0.000758
0.968207
0.018661
0.000424
0.001359
0.033801
0.020107
0.013854
0.003792
0.024323
0.010670
0.012800
0.000191
0.004821
0.148679
0.011441
0.083398
0.002624
0.035914
54.629732
0.006614
0.000185
0.251074
0.221884
0.007623
0.001368
0.021677
0.004625
