0.000368
0.000967
0.006218
0.001320
1.054235
0.953285
0.004784
0.328426
0.004737
0.019959
0.000428
0.003545
0.001246
0.002704
0.035202
0.002161
0.001261
0.005751
0.010192
0.315239
0.084268
0.003376
0.090187
0.009422
0.000683
0.043248
0.113375
0.031384
0.287226
0.000316
0.000949
1.926562
0.049656
4.409800
1.978244
0.000182
0.000669
0.003021
0.173765
0.001063
0.005171
0.012635
0.001830
0.000171
0.000694
0.572976
0.841633
0.016757
0.001224
0.159902
0.012691
0.028449
0.003295
0.021086
0.008756
0.010828
0.044436
0.004294
0.144669
0.008514
0.079226
0.002379
60.889580
0.005946
0.000466
0.588377
0.150264
0.007068
0.012129
5.519767
0.001315
0.007336
0.007559
