0.000414
0.001082
0.007319
0.001753
1.117531
0.953006
0.006375
0.370614
0.006123
0.026194
0.000455
0.003961
0.001398
0.003011
0.037451
0.002334
0.001378
0.006241
0.010816
0.344070
0.076872
0.003643
0.099058
0.010179
0.000738
0.046890
0.122881
0.035579
0.321481
0.000355
0.001087
2.163867
0.054258
5.077592
2.127277
0.000215
0.000825
0.003251
0.232753
0.001223
0.005923
0.014782
0.001972
0.000202
0.000811
0.670462
1.024930
0.020333
0.001489
0.179777
0.016185
0.042089
0.004161
0.024434
0.011017
0.014141
0.052491
0.005135
0.158025
0.012080
0.095094
0.002862
68.179491
0.009148
0.000587
0.643176
0.172717
0.007416
0.013481
5.868857
0.001414
0.006519
0.004293
