0.000442
0.001188
0.007958
0.001938
1.183110
1.026122
0.008883
0.403569
0.009129
0.037331
0.000531
0.004097
0.001544
0.003153
0.041233
0.002460
0.001522
0.007008
0.011776
0.364848
0.111319
0.005751
0.105939
0.011104
0.000773
0.051623
0.128690
0.044902
0.344489
0.000375
0.001241
2.197348
0.068096
5.475762
2.212908
0.000224
0.000853
0.003881
0.224547
0.001293
0.006079
0.015913
0.003429
0.000205
0.000821
0.680151
1.384348
0.023866
0.001715
0.181768
0.016474
0.067185
0.004733
0.025166
0.011687
0.014684
0.050721
0.005550
0.161148
0.011400
0.093167
0.002770
68.832047
0.007947
0.000531
0.661369
0.205785
0.009628
0.014332
5.980080
0.001424
0.007369
0.004529
