0.000385
0.000973
0.006471
0.001496
0.998820
0.846161
0.005983
0.334777
0.005342
0.028425
0.000446
0.003856
0.000813
0.002970
0.037583
0.002279
0.001321
0.006343
0.010677
0.348542
0.075351
0.003679
0.098533
0.009922
0.000735
0.043970
0.120305
0.029536
0.281306
0.000304
0.000911
1.884174
0.044176
4.562542
1.939035
0.000193
0.000716
0.002863
0.179919
0.001123
0.005350
0.013227
0.001764
0.000168
0.000732
0.644246
0.906995
0.017192
0.001225
0.160228
0.013555
0.028512
0.003513
0.022285
0.012668
0.011452
0.046382
0.004499
0.142035
0.008451
0.093978
0.002554
61.744184
0.006031
0.000459
0.572772
0.144705
0.007213
0.012501
5.450017
0.001285
0.005735
0.003875
