0.000409
0.001070
0.007502
0.001800
1.137434
0.986436
0.007845
0.378726
0.009098
0.029344
0.000571
0.004077
0.001507
0.003101
0.038077
0.002429
0.001362
0.006516
0.010945
0.344804
0.083841
0.003875
0.099291
0.010337
0.000752
0.046251
0.121179
0.033812
0.324671
0.000642
0.001056
2.235586
0.060728
5.110897
2.053926
0.000231
0.000880
0.003533
0.192382
0.001173
0.005627
0.014000
0.002138
0.000204
0.000762
0.634805
0.948917
0.021604
0.001648
0.159038
0.013757
0.048148
0.004026
0.027268
0.009139
0.015446
0.043930
0.004429
0.147814
0.009192
0.087869
0.002515
66.244284
0.006584
0.000510
0.634577
0.151862
0.009454
0.016688
6.036559
0.001450
0.006760
0.004620
