0.000426
0.001113
0.007682
0.001727
1.149313
0.965490
0.006638
0.381122
0.006070
0.025630
0.000571
0.003962
0.000863
0.003005
0.038588
0.002349
0.001353
0.006456
0.010926
0.351064
0.076028
0.003712
0.099378
0.010502
0.000753
0.047373
0.125382
0.038799
0.333122
0.000350
0.001044
2.137558
0.048731
5.073341
2.137281
0.000212
0.000776
0.003255
0.218383
0.001292
0.005866
0.014406
0.002057
0.000221
0.000810
0.691717
0.998622
0.019961
0.001385
0.182420
0.018969
0.034686
0.004004
0.024411
0.011413
0.013889
0.049641
0.005444
0.158727
0.010336
0.093082
0.002751
64.219900
0.005858
0.000473
0.560397
0.134683
0.006977
0.011550
5.495311
0.001386
0.005712
0.003770
