0.000440
0.001150
0.007705
0.001783
1.152132
0.986686
0.007124
0.390251
0.007305
0.027536
0.000587
0.004059
0.001401
0.003039
0.038694
0.002296
0.001391
0.006557
0.011132
0.353904
0.079760
0.003723
0.099719
0.010260
0.000774
0.046912
0.124148
0.036155
0.325389
0.000352
0.001099
2.178199
0.051920
5.147814
2.152519
0.000219
0.000795
0.003310
0.205168
0.001210
0.005854
0.014781
0.002100
0.000200
0.000807
0.666805
0.985505
0.019188
0.001373
0.171462
0.014448
0.031902
0.003596
0.024178
0.009465
0.012492
0.048232
0.004850
0.155167
0.012338
0.092164
0.002795
66.910189
0.006556
0.000509
0.625312
0.150312
0.007917
0.013480
5.698157
0.001371
0.007060
0.004204
