0.000426
0.001185
0.007783
0.001817
1.188139
1.007218
0.009735
0.407219
0.008531
0.039829
0.000620
0.004168
0.000884
0.003076
0.038926
0.002394
0.001377
0.006505
0.011154
0.353856
0.080194
0.003828
0.101349
0.010437
0.000755
0.045841
0.124757
0.034640
0.320122
0.000386
0.001069
2.170302
0.058052
5.203893
2.181844
0.000218
0.000837
0.003299
0.205520
0.001313
0.005990
0.014609
0.001883
0.000204
0.000795
0.674887
1.052427
0.020701
0.001643
0.179100
0.018305
0.043974
0.004146
0.025378
0.014445
0.013895
0.052506
0.005548
0.160676
0.015810
0.106881
0.002893
68.551012
0.007340
0.000561
0.665771
0.186424
0.008061
0.015697
5.859428
0.001478
0.006999
0.004410
