0.000438
0.001115
0.007707
0.001750
1.165477
1.014789
0.010570
0.394458
0.006806
0.039482
0.000532
0.004194
0.001523
0.003219
0.039289
0.002401
0.001412
0.006589
0.011007
0.354408
0.084766
0.003769
0.102462
0.010562
0.000761
0.049886
0.124417
0.033990
0.327725
0.000356
0.001156
2.222077
0.056385
5.351030
2.255419
0.000237
0.000857
0.004005
0.228337
0.001330
0.006234
0.015521
0.002162
0.000200
0.000813
0.685055
1.037727
0.021519
0.001460
0.183197
0.016704
0.045036
0.004295
0.043025
0.013602
0.016790
0.054097
0.005587
0.161907
0.013640
0.102350
0.002879
70.844923
0.011853
0.001036
1.048372
0.198593
0.009915
0.015329
6.216991
0.001471
0.006974
0.004707
