0.000434
0.001166
0.008359
0.002026
1.119924
0.944884
0.006630
0.375437
0.006412
0.026939
0.000477
0.003985
0.001350
0.003028
0.038413
0.002456
0.001333
0.006532
0.010874
0.346041
0.075229
0.003642
0.096562
0.012519
0.000780
0.056192
0.126561
0.035527
0.326124
0.000359
0.001055
2.129496
0.051013
5.014447
2.106802
0.000212
0.000800
0.003026
0.191573
0.001305
0.005835
0.014224
0.002112
0.000208
0.000803
0.653245
0.972002
0.021070
0.001473
0.184607
0.019923
0.036477
0.003814
0.025048
0.016496
0.014169
0.048459
0.004870
0.151667
0.009857
0.089533
0.002645
67.117704
0.007198
0.000534
0.647075
0.177256
0.008358
0.013964
5.873949
0.001423
0.007499
0.004447
