0.000423
0.001064
0.007315
0.001638
1.100335
0.909660
0.005884
0.363227
0.005894
0.022652
0.000499
0.003662
0.000812
0.002908
0.036818
0.002256
0.001314
0.006434
0.011065
0.353515
0.076717
0.003400
0.090738
0.009376
0.000690
0.041136
0.112367
0.029377
0.297697
0.000330
0.000984
1.967206
0.046386
4.771864
1.992401
0.000202
0.000749
0.003086
0.190872
0.001187
0.005675
0.013853
0.002058
0.000197
0.000755
0.638824
0.950592
0.018717
0.001466
0.168927
0.014104
0.033529
0.005277
0.023081
0.009031
0.013005
0.048757
0.004527
0.147512
0.009482
0.086283
0.002628
62.077626
0.006912
0.000476
0.588925
0.157337
0.008030
0.012244
5.587887
0.001272
0.005936
0.004581
