0.000402
0.006291
0.000937
0.006605
0.004585
0.001653
0.878680
0.002587
0.005277
0.005408
0.019264
0.000446
0.021555
0.001975
0.664829
0.001203
0.000542
0.002043
0.001228
1.953224
0.009874
0.326305
0.081156
0.004174
0.089250
0.009129
0.000712
0.040443
0.100000
0.027896
0.292991
0.000303
0.000884
0.000940
0.003832
1.960555
0.041870
0.000739
4.591772
0.023145
0.208691
0.003106
0.000196
0.030947
0.000700
0.002842
0.168047
0.323295
0.001331
0.005339
0.012543
0.001709
0.000181
0.000714
0.006624
0.886571
0.005279
0.000366
0.001267
0.023387
0.015579
0.026201
0.003614
0.002036
0.023588
0.008379
0.011112
0.048516
0.004499
0.143059
0.008600
0.079089
0.002451
61.056933
0.005669
0.000132
0.225285
0.214535
0.006624
0.003816
0.000359
0.005482
0.005653
0.003926
