0.000410
0.006767
0.000998
0.005836
0.004630
0.001500
0.917621
0.002720
0.005486
0.005684
0.026656
0.000440
0.023176
0.002203
0.676444
0.001357
0.000586
0.002109
0.001254
2.046657
0.010173
0.334754
0.070271
0.003876
0.092560
0.009636
0.000702
0.045811
0.105585
0.031315
0.303397
0.000324
0.000925
0.001000
0.004065
1.994400
0.047802
0.000758
4.843984
0.024361
0.220997
0.003158
0.000194
0.032850
0.000756
0.003086
0.195181
0.338342
0.001214
0.005561
0.012841
0.001829
0.000186
0.000742
0.006957
0.937414
0.005206
0.000369
0.001274
0.022583
0.015830
0.026025
0.003438
0.002026
0.023282
0.008802
0.014861
0.050044
0.004742
0.148350
0.007810
0.084059
0.002600
63.961978
0.006111
0.000139
0.234312
0.257016
0.007446
0.006114
0.000409
0.006205
0.006307
0.004198
