0.000419
0.008826
0.001216
0.005394
0.004435
0.001524
0.827698
0.002530
0.006429
0.005962
0.020067
0.000409
0.020435
0.001937
0.623591
0.001280
0.000544
0.002077
0.001305
1.916472
0.009333
0.306453
0.082691
0.003686
0.090499
0.009173
0.000646
0.044168
0.095385
0.030365
0.278302
0.000338
0.000842
0.000930
0.003741
1.858989
0.048968
0.000729
4.427576
0.022888
0.200055
0.003169
0.000200
0.033818
0.000719
0.002988
0.209398
0.309353
0.001102
0.005174
0.012909
0.001714
0.000173
0.000698
0.006588
0.842223
0.005537
0.000351
0.001225
0.024595
0.016456
0.030573
0.003723
0.002010
0.023610
0.008706
0.012155
0.050084
0.004700
0.135374
0.009185
0.084095
0.002568
58.836715
0.005472
0.000142
0.210750
0.221963
0.006547
0.003764
0.000349
0.005064
0.005725
0.004063
