0.000370
0.005983
0.000891
0.007067
0.004585
0.001457
0.846179
0.002519
0.004883
0.004755
0.018217
0.000407
0.020669
0.002000
0.669467
0.000752
0.000911
0.003538
0.001158
1.844304
0.009437
0.297158
0.066319
0.003607
0.091268
0.009239
0.000706
0.040907
0.101244
0.027614
0.273139
0.000292
0.000853
0.000912
0.003578
1.813657
0.043911
0.000704
4.682471
0.023879
0.215164
0.003094
0.000197
0.032430
0.000700
0.002890
0.166691
0.334291
0.001152
0.005359
0.012877
0.001791
0.000189
0.000726
0.006720
0.915700
0.005298
0.000363
0.001256
0.021928
0.015701
0.025180
0.003210
0.001898
0.021133
0.007769
0.010225
0.045072
0.004336
0.143659
0.007666
0.076247
0.002404
58.629170
0.005641
0.000125
0.211448
0.214351
0.006574
0.004081
0.000332
0.005104
0.005712
0.004136
