0.000395
0.006306
0.000964
0.007009
0.005186
0.001694
0.952969
0.003180
0.006634
0.005417
0.019627
0.000426
0.022000
0.002030
0.667015
0.001160
0.000555
0.002198
0.001200
1.948890
0.009846
0.323688
0.068662
0.003839
0.089981
0.009106
0.000680
0.040272
0.101054
0.027941
0.288941
0.000318
0.000923
0.000935
0.003884
1.970447
0.054166
0.000844
4.716933
0.023023
0.207672
0.003340
0.000194
0.031474
0.000703
0.002907
0.170273
0.335565
0.001179
0.005342
0.013087
0.002009
0.000196
0.000733
0.006768
0.898574
0.005232
0.000360
0.001266
0.023498
0.015995
0.027389
0.003892
0.001941
0.022572
0.008719
0.012909
0.047795
0.005749
0.138381
0.007822
0.080609
0.002561
61.200284
0.005723
0.000151
0.231919
0.217533
0.006431
0.004126
0.000358
0.005422
0.005438
0.003754
