0.000378
0.005977
0.000899
0.007642
0.005641
0.002101
0.912277
0.002613
0.005048
0.004946
0.018764
0.000436
0.022248
0.002036
0.661757
0.001188
0.000537
0.002064
0.001191
1.950881
0.009231
0.298214
0.066481
0.003634
0.084417
0.008885
0.000643
0.046466
0.108805
0.037334
0.277892
0.000302
0.000860
0.000918
0.003650
1.818080
0.041683
0.000701
4.656501
0.023385
0.214724
0.003129
0.000199
0.031556
0.000703
0.002943
0.171028
0.338408
0.001139
0.005349
0.012835
0.001715
0.000190
0.000741
0.006736
0.907881
0.005191
0.000364
0.001278
0.021989
0.015261
0.025198
0.003315
0.001848
0.021097
0.007717
0.010314
0.042385
0.004193
0.145324
0.007742
0.081038
0.002579
59.554894
0.005664
0.000122
0.210868
0.207920
0.006717
0.004045
0.000389
0.005295
0.005696
0.003754
