0.000363
0.006061
0.000899
0.006654
0.004449
0.001454
0.847148
0.003010
0.007741
0.007301
0.020370
0.000416
0.020628
0.001882
0.651215
0.001184
0.000537
0.002149
0.001246
1.934123
0.009330
0.304273
0.066489
0.003659
0.091339
0.009350
0.000694
0.041260
0.100361
0.027632
0.272162
0.000312
0.000852
0.000898
0.003597
1.812448
0.041889
0.000733
4.479196
0.022263
0.201714
0.003014
0.000183
0.030126
0.000743
0.003087
0.158679
0.321218
0.001179
0.005407
0.012788
0.001641
0.000191
0.000741
0.006732
0.879846
0.005014
0.000335
0.001205
0.023588
0.015055
0.025903
0.003287
0.001902
0.021229
0.007861
0.010953
0.044912
0.004304
0.137378
0.008373
0.075569
0.002319
59.278680
0.005859
0.000139
0.222224
0.214906
0.006753
0.004176
0.000358
0.005329
0.005752
0.003936
