0.000421
0.006380
0.000909
0.005703
0.004643
0.001525
0.877702
0.002727
0.005321
0.005060
0.021420
0.000442
0.021647
0.002086
0.653085
0.001247
0.000566
0.002032
0.001231
2.015341
0.009868
0.322227
0.069399
0.003809
0.090147
0.008906
0.000675
0.039977
0.098480
0.028033
0.290834
0.000306
0.000893
0.000967
0.003767
1.926326
0.043605
0.000734
4.613377
0.022470
0.211936
0.003143
0.000194
0.031313
0.000717
0.002842
0.194240
0.335371
0.001199
0.005501
0.013214
0.001838
0.000188
0.000752
0.006876
0.898515
0.005287
0.000358
0.001244
0.025584
0.016506
0.026163
0.003341
0.001944
0.022498
0.008470
0.010826
0.044382
0.004440
0.142505
0.008587
0.078929
0.002495
61.054799
0.006264
0.000136
0.225326
0.224349
0.006495
0.004368
0.000357
0.005341
0.005764
0.004236
