0.000372
0.006022
0.000883
0.006211
0.004391
0.001437
0.834321
0.002849
0.007257
0.005850
0.018612
0.000412
0.020444
0.001852
0.663041
0.001218
0.000577
0.002033
0.001238
1.989724
0.009788
0.331645
0.069695
0.003890
0.090614
0.009249
0.000704
0.041087
0.104692
0.029567
0.293227
0.000336
0.000938
0.000968
0.003856
2.004699
0.042910
0.000743
4.515000
0.022046
0.197360
0.003003
0.000188
0.029997
0.000660
0.002755
0.170724
0.338481
0.001140
0.005387
0.013715
0.001878
0.000188
0.000875
0.006758
0.906461
0.005296
0.000374
0.001273
0.022662
0.015542
0.025619
0.003430
0.001934
0.023073
0.007812
0.011128
0.041879
0.004426
0.135152
0.008390
0.080984
0.002553
60.686909
0.005879
0.000134
0.237177
0.227692
0.006588
0.003796
0.000329
0.005071
0.005442
0.003717
