0.000411
0.006427
0.000967
0.005819
0.004733
0.001492
0.883780
0.002698
0.006293
0.004747
0.018823
0.000439
0.020954
0.001954
0.622276
0.001139
0.000515
0.001942
0.001143
1.869949
0.010271
0.324342
0.068087
0.003624
0.086248
0.008670
0.000643
0.038707
0.094669
0.028979
0.298892
0.000331
0.000922
0.000955
0.004018
1.933127
0.043548
0.000695
4.523532
0.024246
0.213479
0.003219
0.000204
0.034510
0.000720
0.002820
0.164553
0.313655
0.001134
0.005100
0.012207
0.001623
0.000182
0.000699
0.006497
0.843226
0.004880
0.000338
0.001230
0.022401
0.015628
0.026406
0.003406
0.001913
0.020818
0.007830
0.010722
0.043952
0.004256
0.135074
0.007774
0.088309
0.002446
61.186121
0.005792
0.000132
0.223213
0.214930
0.006637
0.003862
0.000369
0.005350
0.006057
0.004015
