0.000434
0.006825
0.000985
0.006767
0.005179
0.001853
1.010815
0.003212
0.006410
0.006080
0.021900
0.000467
0.022993
0.002363
0.716964
0.001266
0.000589
0.002222
0.001310
2.157938
0.010559
0.342833
0.074690
0.004072
0.096107
0.009544
0.000728
0.044140
0.108344
0.031308
0.313122
0.000351
0.000968
0.000994
0.003961
2.157377
0.046154
0.000778
5.121897
0.025448
0.228942
0.003414
0.000218
0.035737
0.000792
0.003180
0.181010
0.353761
0.001174
0.005786
0.013786
0.001671
0.000190
0.000759
0.007021
0.930166
0.006521
0.000444
0.001551
0.023551
0.016248
0.026929
0.003501
0.002038
0.023143
0.008531
0.011397
0.048050
0.004740
0.161823
0.009173
0.086108
0.002585
62.295391
0.005907
0.000155
0.226601
0.218279
0.007092
0.004351
0.000392
0.005715
0.006569
0.004300
